32 32
3 5
3 6
3 7
3 11
3 12
3 13
5 3
5 8
5 10
5 15
6 3
6 8
6 10
6 15
7 3
7 8
7 10
7 15
8 5
8 6
8 7
8 11
8 12
8 13
10 5
10 6
10 7
10 11
10 12
10 13
11 3
11 8
11 10
11 15
12 3
12 8
12 10
12 15
13 3
13 8
13 10
13 15
15 5
15 6
15 7
15 11
15 12
15 13
22 25
22 26
23 24
23 27
24 23
24 28
25 22
25 29
26 22
26 29
27 23
27 28
28 24
28 27
29 25
29 26
21 3
21 9
22 2
22 4
22 8
22 10
23 2
23 5
23 7
23 10
24 4
24 8
25 4
25 5
25 7
25 8