28 28
1 1
28 28
1 3
1 5
1 8
1 14
1 15
1 18
1 21
1 22
1 27
2 1
2 6
2 10
2 12
2 17
2 20
2 23
2 25
2 26
3 2
3 4
3 8
3 9
3 11
3 13
3 15
3 19
3 22
3 23
3 28
4 3
4 5
4 7
4 11
4 14
4 15
4 17
4 19
4 20
4 25
4 26
5 2
5 6
5 7
5 9
5 12
5 14
5 18
5 21
5 23
5 27
6 1
6 3
6 5
6 6
6 10
6 11
6 16
6 20
6 22
6 25
6 28
7 7
7 9
7 12
7 14
7 17
7 18
7 22
7 24
7 27
8 1
8 3
8 5
8 6
8 10
8 14
8 16
8 18
8 20
8 23
8 26
9 3
9 8
9 9
9 12
9 13
9 15
9 20
9 22
9 25
9 28
10 2
10 4
10 6
10 7
10 8
10 10
10 12
10 16
10 17
10 18
10 21
10 24
10 27
11 1
11 3
11 6
11 14
11 15
11 19
11 21
11 23
11 26
12 4
12 6
12 8
12 10
12 12
12 17
12 20
12 24
12 27
13 2
13 8
13 10
13 13
13 14
13 16
13 18
13 19
13 22
13 26
13 27
14 2
14 4
14 6
14 9
14 12
14 16
14 21
14 23
14 24
15 1
15 3
15 7
15 10
15 12
15 14
15 17
15 19
15 21
15 23
15 24
15 26
15 27
16 5
16 8
16 9
16 10
16 13
16 16
16 18
16 21
16 27
16 28
17 2
17 4
17 6
17 11
17 13
17 15
17 17
17 19
17 22
17 24
17 26
18 3
18 8
18 10
18 14
18 18
18 20
18 22
18 24
18 26
18 27
19 2
19 5
19 7
19 8
19 10
19 11
19 13
19 15
19 16
19 19
19 22
19 23
19 27
20 3
20 4
20 6
20 12
20 17
20 21
20 25
21 2
21 5
21 6
21 8
21 10
21 13
21 15
21 16
21 17
21 19
21 21
21 22
21 24
21 26
21 28
22 1
22 3
22 9
22 10
22 12
22 20
22 22
22 27
23 3
23 5
23 6
23 8
23 9
23 11
23 14
23 15
23 16
23 18
23 23
23 25
24 1
24 4
24 11
24 12
24 14
24 17
24 18
24 20
24 22
24 26
24 28
25 3
25 6
25 8
25 9
25 10
25 15
25 19
25 21
25 23
25 25
25 27
26 2
26 5
26 12
26 13
26 16
26 17
26 20
26 25
26 26
27 4
27 7
27 8
27 9
27 11
27 14
27 15
27 18
27 22
27 23
27 27
28 1
28 3
28 6
28 13
28 16
28 20
28 22
28 25