28 28
1 1
28 28
1 2
1 18
1 22
1 23
1 26
1 27
2 3
2 4
2 6
2 8
2 9
2 11
2 13
2 15
2 17
2 19
2 21
2 25
3 2
3 3
3 5
3 7
3 9
3 12
3 14
3 16
3 22
3 24
3 26
3 27
4 2
4 6
4 10
4 12
4 18
4 20
4 25
5 2
5 4
5 8
5 14
5 15
5 17
5 19
5 21
5 23
5 27
6 3
6 5
6 7
6 9
6 10
6 12
6 16
6 19
6 22
6 25
6 28
7 2
7 7
7 11
7 13
7 15
7 17
7 20
7 23
7 24
7 27
8 3
8 4
8 6
8 7
8 9
8 16
8 19
8 20
8 22
8 26
9 1
9 3
9 4
9 6
9 9
9 10
9 12
9 14
9 17
9 18
9 22
9 24
9 26
9 27
10 7
10 10
10 11
10 14
10 16
10 19
10 21
10 23
10 27
11 2
11 3
11 5
11 6
11 9
11 13
11 15
11 17
11 19
11 25
12 2
12 4
12 8
12 11
12 14
12 17
12 21
12 23
12 26
12 27
13 3
13 5
13 7
13 9
13 12
13 16
13 19
13 22
13 24
13 25
14 1
14 6
14 9
14 10
14 11
14 13
14 15
14 16
14 18
14 21
14 23
14 25
14 26
14 28
15 3
15 4
15 8
15 14
15 17
15 19
15 26
16 2
16 6
16 10
16 11
16 12
16 15
16 18
16 20
16 21
16 23
16 24
16 27
17 1
17 3
17 5
17 6
17 8
17 9
17 10
17 14
17 16
17 19
17 21
17 22
17 25
17 27
18 2
18 4
18 8
18 11
18 12
18 15
18 18
18 22
18 23
18 28
19 3
19 5
19 7
19 9
19 11
19 13
19 17
19 19
19 20
19 24
19 25
19 26
20 1
20 7
20 9
20 12
20 14
20 16
20 22
20 23
20 28
21 2
21 3
21 5
21 11
21 15
21 17
21 19
21 20
21 22
21 25
21 26
21 28
22 5
22 6
22 8
22 9
22 13
22 16
22 20
22 24
22 26
23 2
23 4
23 7
23 9
23 10
23 11
23 14
23 17
23 19
23 22
23 23
23 28
24 2
24 3
24 6
24 13
24 16
24 17
24 19
24 21
24 25
24 26
24 28
25 5
25 7
25 8
25 9
25 10
25 12
25 15
25 18
25 20
25 22
25 24
25 25
26 2
26 3
26 5
26 11
26 13
26 16
26 19
26 24
26 27
26 28
27 3
27 4
27 6
27 8
27 10
27 13
27 15
27 18
27 21
27 22
27 25
27 27
28 1
28 8
28 11
28 16
28 20
28 24