28 28
1 1
28 28
1 4
1 7
1 9
1 15
1 19
1 21
1 26
2 1
2 3
2 5
2 10
2 11
2 13
2 14
2 15
2 17
2 18
2 22
2 24
2 25
2 27
3 7
3 8
3 11
3 19
3 21
4 1
4 2
4 3
4 5
4 7
4 10
4 12
4 14
4 15
4 17
4 19
4 22
4 23
4 25
4 26
4 28
5 6
5 8
5 9
5 15
5 17
5 18
5 21
5 25
5 27
6 1
6 2
6 4
6 11
6 12
6 14
6 16
6 19
6 21
6 22
6 23
7 4
7 5
7 7
7 9
7 11
7 16
7 18
7 19
7 25
7 27
8 2
8 6
8 8
8 11
8 13
8 14
8 20
8 22
8 24
8 26
8 28
9 3
9 4
9 5
9 8
9 10
9 14
9 16
9 17
9 19
9 21
10 2
10 6
10 9
10 11
10 13
10 15
10 18
10 23
10 24
10 26
10 28
11 2
11 4
11 8
11 9
11 11
11 17
11 19
11 21
11 24
11 26
12 1
12 5
12 6
12 13
12 14
12 16
12 21
12 23
12 25
12 27
13 2
13 4
13 8
13 10
13 12
13 14
13 17
13 18
13 20
13 28
14 2
14 5
14 7
14 10
14 15
14 17
14 19
14 21
14 23
14 25
14 26
14 28
15 4
15 5
15 8
15 11
15 13
15 15
15 16
15 22
15 24
16 2
16 6
16 7
16 9
16 12
16 14
16 16
16 17
16 19
16 20
16 21
16 26
16 27
17 1
17 3
17 4
17 6
17 11
17 13
17 23
17 24
17 25
17 28
18 5
18 7
18 9
18 10
18 15
18 17
18 19
18 21
18 27
19 2
19 3
19 6
19 10
19 12
19 13
19 14
19 17
19 18
19 20
19 22
19 24
19 26
19 27
20 3
20 4
20 7
20 9
20 14
20 15
20 16
20 18
20 20
20 21
20 24
20 25
21 2
21 5
21 11
21 13
21 16
21 23
21 26
21 27
22 1
22 4
22 6
22 7
22 9
22 12
22 14
22 18
22 19
22 21
22 24
22 27
23 1
23 3
23 8
23 11
23 16
23 17
23 20
23 22
23 26
24 5
24 6
24 9
24 12
24 13
24 15
24 18
24 22
24 23
24 24
24 28
25 1
25 2
25 4
25 5
25 7
25 8
25 11
25 16
25 18
25 20
25 25
25 27
26 10
26 12
26 14
26 20
26 22
26 24
26 27
27 1
27 3
27 4
27 5
27 7
27 8
27 10
27 15
27 17
27 18
27 20
27 22
27 23
27 25
27 28
28 3
28 7
28 10
28 12
28 14
28 19
28 26