58 58
1 1
58 58
1 3
1 5
1 6
1 9
1 11
1 13
1 16
1 18
1 22
1 26
1 28
1 34
1 41
1 44
1 46
1 49
1 52
1 55
2 2
2 8
2 9
2 14
2 20
2 24
2 29
2 31
2 33
2 35
2 37
2 38
2 40
2 43
2 46
2 48
2 49
2 51
2 53
2 56
2 58
3 2
3 4
3 6
3 11
3 12
3 14
3 16
3 18
3 19
3 22
3 25
3 26
3 27
3 28
3 32
3 39
3 42
3 44
3 53
3 55
3 57
4 5
4 7
4 9
4 13
4 16
4 20
4 21
4 23
4 25
4 28
4 30
4 31
4 32
4 34
4 35
4 37
4 40
4 41
4 44
4 46
4 48
4 49
4 51
4 55
5 2
5 4
5 6
5 8
5 10
5 12
5 15
5 16
5 18
5 20
5 25
5 27
5 34
5 37
5 39
5 43
5 45
5 47
5 52
5 53
5 57
5 58
6 2
6 6
6 9
6 13
6 14
6 19
6 20
6 22
6 24
6 28
6 29
6 31
6 33
6 36
6 41
6 43
6 49
6 51
6 55
6 57
7 1
7 3
7 4
7 8
7 10
7 11
7 15
7 17
7 19
7 23
7 25
7 26
7 29
7 32
7 34
7 35
7 37
7 39
7 42
7 43
7 45
7 47
7 50
7 53
7 55
7 56
8 5
8 7
8 12
8 14
8 16
8 20
8 21
8 23
8 24
8 26
8 27
8 29
8 31
8 32
8 34
8 36
8 38
8 41
8 46
8 48
8 51
8 52
8 54
8 58
9 2
9 4
9 9
9 10
9 12
9 15
9 17
9 19
9 21
9 22
9 36
9 40
9 42
9 43
9 44
9 47
9 49
9 51
9 53
9 55
9 57
10 1
10 4
10 6
10 7
10 11
10 14
10 17
10 23
10 25
10 26
10 27
10 29
10 31
10 32
10 33
10 34
10 37
10 39
10 45
10 49
11 1
11 3
11 6
11 9
11 10
11 13
11 16
11 18
11 19
11 21
11 25
11 28
11 30
11 36
11 38
11 41
11 43
11 47
11 48
11 49
11 51
11 52
11 54
11 56
11 57
12 4
12 7
12 10
12 12
12 14
12 18
12 20
12 21
12 23
12 24
12 27
12 28
12 32
12 33
12 35
12 37
12 40
12 44
12 45
12 47
12 50
12 53
12 56
13 2
13 6
13 8
13 11
13 13
13 16
13 26
13 30
13 33
13 34
13 36
13 39
13 41
13 43
13 44
13 49
13 51
13 55
13 57
14 1
14 3
14 5
14 7
14 10
14 15
14 17
14 19
14 21
14 23
14 25
14 28
14 30
14 31
14 32
14 37
14 38
14 41
14 42
14 46
14 47
14 48
14 51
14 53
14 54
14 57
15 1
15 3
15 8
15 11
15 13
15 16
15 18
15 21
15 22
15 25
15 27
15 34
15 36
15 39
15 43
15 45
15 49
15 53
15 55
15 58
16 4
16 5
16 6
16 8
16 9
16 12
16 13
16 15
16 18
16 19
16 23
16 24
16 26
16 29
16 30
16 32
16 33
16 35
16 37
16 41
16 43
16 45
16 46
16 48
16 51
16 55
16 56
17 2
17 3
17 10
17 11
17 15
17 16
17 19
17 21
17 22
17 24
17 26
17 27
17 31
17 33
17 39
17 42
17 46
17 48
17 50
17 51
17 53
17 58
18 4
18 6
18 7
18 8
18 10
18 12
18 14
18 18
18 28
18 29
18 35
18 37
18 38
18 40
18 44
18 48
18 49
18 52
18 54
18 55
18 56
19 2
19 6
19 13
19 15
19 17
19 20
19 21
19 23
19 25
19 26
19 29
19 31
19 32
19 34
19 36
19 38
19 42
19 45
19 47
19 50
19 53
19 58
20 1
20 4
20 7
20 8
20 9
20 11
20 12
20 18
20 20
20 21
20 24
20 27
20 30
20 33
20 39
20 41
20 44
20 48
20 51
20 55
20 57
21 3
21 5
21 9
21 12
21 14
21 15
21 17
21 22
21 24
21 26
21 28
21 32
21 34
21 35
21 37
21 38
21 40
21 42
21 44
21 46
21 49
21 51
21 52
21 54
21 55
22 2
22 3
22 6
22 7
22 10
22 11
22 13
22 17
22 18
22 20
22 21
22 29
22 31
22 41
22 44
22 47
22 48
22 56
22 57
23 1
23 4
23 9
23 13
23 15
23 20
23 23
23 25
23 26
23 27
23 30
23 32
23 34
23 36
23 38
23 40
23 43
23 45
23 47
23 49
23 50
23 52
23 54
23 55
23 58
24 1
24 3
24 5
24 7
24 10
24 12
24 15
24 17
24 19
24 22
24 23
24 25
24 29
24 34
24 37
24 41
24 43
24 45
24 49
24 51
24 53
24 57
25 4
25 8
25 9
25 12
25 14
25 16
25 18
25 21
25 22
25 26
25 28
25 30
25 31
25 33
25 35
25 38
25 40
25 42
25 45
25 47
25 54
25 56
26 2
26 3
26 6
26 10
26 12
26 19
26 20
26 23
26 25
26 33
26 35
26 37
26 39
26 43
26 46
26 49
26 51
26 52
26 53
26 54
26 56
26 58
27 2
27 4
27 7
27 9
27 14
27 16
27 18
27 19
27 22
27 24
27 27
27 28
27 30
27 32
27 35
27 38
27 41
27 44
27 48
27 50
28 6
28 9
28 11
28 13
28 17
28 21
28 26
28 31
28 32
28 34
28 36
28 39
28 42
28 46
28 47
28 52
28 54
28 56
28 58
29 1
29 3
29 4
29 7
29 10
29 13
29 14
29 15
29 17
29 19
29 22
29 24
29 27
29 29
29 31
29 37
29 39
29 41
29 43
29 45
29 47
29 49
29 50
29 51
29 55
29 57
30 2
30 4
30 5
30 6
30 8
30 12
30 16
30 20
30 23
30 25
30 26
30 29
30 33
30 35
30 37
30 38
30 44
30 47
30 52
30 54
30 57
31 1
31 6
31 9
31 10
31 12
31 13
31 15
31 17
31 19
31 20
31 22
31 23
31 26
31 28
31 31
31 32
31 34
31 39
31 40
31 41
31 43
31 45
31 49
31 50
31 51
31 55
32 3
32 5
32 8
32 16
32 18
32 22
32 25
32 27
32 29
32 30
32 33
32 35
32 36
32 38
32 42
32 47
32 48
32 52
32 53
32 57
33 1
33 2
33 5
33 6
33 8
33 10
33 12
33 13
33 15
33 20
33 24
33 31
33 34
33 36
33 40
33 43
33 45
33 50
33 52
33 54
33 56
33 58
34 3
34 10
34 14
34 17
34 19
34 22
34 26
34 27
34 29
34 31
34 33
34 37
34 39
34 42
34 44
34 46
34 48
34 50
34 53
34 56
35 1
35 4
35 5
35 7
35 8
35 10
35 12
35 15
35 16
35 20
35 22
35 24
35 25
35 27
35 30
35 31
35 34
35 36
35 37
35 40
35 45
35 48
35 50
35 52
35 54
35 57
36 3
36 5
36 6
36 10
36 11
36 14
36 15
36 18
36 19
36 23
36 26
36 29
36 32
36 36
36 38
36 39
36 42
36 43
36 46
36 48
36 50
36 51
36 55
36 56
37 1
37 3
37 7
37 9
37 13
37 17
37 19
37 20
37 22
37 25
37 27
37 28
37 30
37 33
37 34
37 39
37 41
37 44
37 45
37 47
37 48
37 53
37 55
37 57
38 5
38 7
38 9
38 10
38 11
38 12
38 15
38 17
38 24
38 26
38 31
38 35
38 37
38 42
38 43
38 50
38 51
38 54
39 1
39 3
39 4
39 6
39 14
39 15
39 18
39 20
39 21
39 23
39 26
39 28
39 29
39 33
39 38
39 40
39 41
39 45
39 47
39 48
39 52
39 53
39 55
39 56
39 58
40 3
40 6
40 7
40 9
40 10
40 12
40 16
40 19
40 23
40 24
40 29
40 31
40 32
40 33
40 35
40 37
40 39
40 42
40 44
40 49
40 50
40 55
41 1
41 4
41 8
41 12
41 14
41 16
41 17
41 18
41 20
41 22
41 24
41 26
41 28
41 30
41 35
41 36
41 38
41 41
41 43
41 45
41 47
41 49
41 52
41 53
41 56
41 58
42 3
42 5
42 7
42 8
42 10
42 11
42 12
42 15
42 25
42 31
42 33
42 36
42 38
42 40
42 43
42 45
42 48
42 50
42 52
42 54
43 2
43 7
43 9
43 14
43 16
43 17
43 18
43 19
43 20
43 22
43 23
43 25
43 26
43 28
43 29
43 31
43 34
43 41
43 46
43 48
43 50
43 55
43 56
43 58
44 3
44 5
44 7
44 11
44 13
44 22
44 26
44 27
44 29
44 32
44 33
44 36
44 37
44 38
44 40
44 43
44 44
44 47
44 52
44 54
44 57
45 2
45 6
45 9
45 10
45 11
45 14
45 16
45 18
45 19
45 21
45 24
45 30
45 31
45 33
45 35
45 41
45 45
45 48
45 50
45 51
45 53
45 55
46 3
46 5
46 8
46 12
46 15
46 17
46 20
46 22
46 25
46 27
46 29
46 30
46 34
46 37
46 39
46 43
46 45
46 47
46 50
46 56
46 58
47 2
47 6
47 9
47 10
47 13
47 16
47 18
47 20
47 23
47 26
47 29
47 32
47 35
47 36
47 38
47 41
47 42
47 44
47 49
47 52
47 54
47 57
48 4
48 5
48 7
48 8
48 12
48 14
48 16
48 18
48 22
48 25
48 28
48 30
48 33
48 36
48 38
48 40
48 43
48 46
48 48
48 51
48 53
48 56
49 1
49 3
49 8
49 10
49 15
49 20
49 23
49 25
49 26
49 31
49 32
49 34
49 36
49 39
49 41
49 44
49 47
49 50
49 55
49 58
50 1
50 5
50 6
50 9
50 12
50 13
50 16
50 18
50 19
50 22
50 26
50 28
50 29
50 33
50 36
50 37
50 41
50 42
50 44
50 46
50 48
50 51
50 53
50 56
51 2
51 4
51 5
51 8
51 10
51 12
51 14
51 19
51 21
51 23
51 25
51 27
51 29
51 31
51 34
51 39
51 40
51 45
51 48
51 50
51 52
51 54
51 56
51 57
52 2
52 4
52 6
52 8
52 13
52 16
52 18
52 19
52 23
52 24
52 27
52 29
52 32
52 34
52 36
52 38
52 42
52 44
52 47
52 53
53 4
53 6
53 10
53 12
53 15
53 17
53 21
53 24
53 26
53 31
53 32
53 36
53 37
53 38
53 40
53 41
53 45
53 47
53 49
53 51
53 54
53 56
53 57
54 2
54 7
54 8
54 10
54 12
54 14
54 18
54 20
54 21
54 23
54 27
54 28
54 30
54 31
54 34
54 41
54 43
54 48
54 50
54 53
54 57
55 3
55 4
55 6
55 9
55 13
55 15
55 17
55 19
55 22
55 24
55 26
55 28
55 30
55 32
55 33
55 35
55 37
55 38
55 40
55 42
55 45
55 46
55 51
55 53
55 55
55 58
56 2
56 6
56 8
56 10
56 12
56 18
56 20
56 32
56 39
56 43
56 45
56 47
56 49
56 51
56 54
56 56
57 1
57 3
57 5
57 7
57 10
57 14
57 15
57 17
57 22
57 24
57 25
57 27
57 28
57 30
57 32
57 34
57 35
57 37
57 38
57 41
57 44
57 47
57 49
57 53
57 58
58 9
58 12
58 15
58 19
58 21
58 25
58 29
58 33
58 40
58 42
58 46
58 50
58 51
58 54
58 56